6.841586470885495652e-01 1.186559425537066836e+00 1.231838252198134365e+00
7.169375983442332068e-01 1.131746984841560222e+00 1.232449966025070509e+00
6.889901103645114100e-01 1.178924813348646738e+00 1.231121464453203140e+00
6.890966394488090563e-01 1.182908070230026309e+00 1.226786175441143101e+00
7.110874693293233184e-01 1.141808622680945406e+00 1.231639633968984571e+00
6.881050134781505623e-01 1.176710256600405069e+00 1.235024971812553662e+00
6.908954389540750141e-01 1.166164271624658744e+00 1.241160491690653567e+00
6.904044665400426162e-01 1.178813316350244333e+00 1.228715606430043739e+00
6.980626576070283473e-01 1.176340675505656019e+00 1.217790212739967348e+00
6.939475583567429329e-01 1.175938354831810972e+00 1.225430801559573624e+00
