6.869897743760483566e-01 1.177118792479264542e+00 1.236600546346334095e+00
7.012402742650147847e-01 1.169885766135562166e+00 1.218960666700399376e+00
6.900710678038480816e-01 1.170584526490993760e+00 1.237950847758189310e+00
6.815930171291990636e-01 1.187261808806471253e+00 1.235743599309913510e+00
6.893710965186333750e-01 1.185017388967763319e+00 1.224114961684963809e+00
7.183445289236815023e-01 1.140047785370690292e+00 1.221080107647679380e+00
7.084945672221126811e-01 1.144929520189576833e+00 1.232777565912896334e+00
6.990996005926374268e-01 1.162062810499729926e+00 1.230924294379536210e+00
6.852769898551117622e-01 1.183666778299433453e+00 1.232833400793754697e+00
6.882743290315472828e-01 1.181779504347067355e+00 1.229424814382766629e+00
