6.888023033624972591e-01 1.173064137810159391e+00 1.237609548069740217e+00
7.003616872494848877e-01 1.164087593769806528e+00 1.226568928459502050e+00
6.982901866991713113e-01 1.164733648026623491e+00 1.229525213750391588e+00
6.921084083904267548e-01 1.172063261094511422e+00 1.232749461593153573e+00
6.958869570206084321e-01 1.172081990574258326e+00 1.226036248283924657e+00
6.923814071952500981e-01 1.167315497494951115e+00 1.237275324212545824e+00
6.840395623112712764e-01 1.185146608723758321e+00 1.233521437222565575e+00
6.817746649419845761e-01 1.177292371047907960e+00 1.245875976391492390e+00
6.795661719689072289e-01 1.194998289315111872e+00 1.231405146605271561e+00
6.968740558206211189e-01 1.159631098508358216e+00 1.237444843054672949e+00
