6.846340062676120608e-01 1.188799469000071607e+00 1.228663425491590466e+00
7.120919308068283105e-01 1.151585390428619071e+00 1.219460644417098782e+00
7.010724216864435698e-01 1.166863184187424407e+00 1.222410801979378459e+00
7.027357830076635947e-01 1.151582045632930429e+00 1.235699999939914084e+00
6.898388687486550763e-01 1.174445329313916986e+00 1.234296603784218904e+00
6.908827838551953038e-01 1.163687969638281805e+00 1.243824436545160061e+00
6.891455529266747870e-01 1.183723250487781931e+00 1.225854325936221123e+00
6.862155936853936433e-01 1.184233323508756763e+00 1.230558145514565549e+00
7.173075557103186783e-01 1.142874029462192853e+00 1.219821350574756158e+00
6.885803038968550949e-01 1.173647708601911699e+00 1.237392982678326980e+00
