6.962354724395498629e-01 1.184120834457758731e+00 1.212963775568369540e+00
6.937953780640362389e-01 1.170781042984720965e+00 1.231098822291758488e+00
6.845114399681634376e-01 1.187335302081133026e+00 1.230398827943450124e+00
6.907194806798667708e-01 1.178060092398199199e+00 1.228940483790195382e+00
6.877701294375779817e-01 1.177624992914414692e+00 1.234666531571010806e+00
6.969038688736493015e-01 1.161927484427966117e+00 1.234946375328767942e+00
6.961236541256642374e-01 1.164585485789874530e+00 1.233508752888447635e+00
6.935040620719339355e-01 1.162627294464506855e+00 1.240253542898935413e+00
6.879696434398360205e-01 1.177356597791474391e+00 1.234589851351787670e+00
7.151822939607475060e-01 1.143167549264721750e+00 1.223132083962198191e+00
