6.894545532304158231e-01 1.180074091002192294e+00 1.229093948955524152e+00
6.891242216157515976e-01 1.174443625177940875e+00 1.235578407545320445e+00
7.010209767265731529e-01 1.161107208188975282e+00 1.228560831558101141e+00
6.851854423154493112e-01 1.183487245850679770e+00 1.233185162648305688e+00
6.893218614462870431e-01 1.169163695649346968e+00 1.240802404797467728e+00
6.909276078496363604e-01 1.176387510222251187e+00 1.230317067151239119e+00
7.025761204294713735e-01 1.152191868041568146e+00 1.235326647037163106e+00
7.042884738985299986e-01 1.162580778570084350e+00 1.221311033874756813e+00
6.919829393816756546e-01 1.175454597832758852e+00 1.229415696716701145e+00
6.881723052377427541e-01 1.179817245523092417e+00 1.231652149350217940e+00
