6.882172899756168194e-01 1.178659191682305485e+00 1.232781684730607230e+00
7.037759250261879096e-01 1.160252323187733081e+00 1.224653271611674255e+00
6.961226935828104256e-01 1.167759596073103756e+00 1.230157625958353318e+00
7.109062216543237112e-01 1.149336698528017786e+00 1.223884433065951072e+00
6.953194781513655220e-01 1.170148119795515695e+00 1.229064756177654205e+00
7.085379968665781458e-01 1.152683413424334224e+00 1.224409839303626457e+00
6.896596486657959879e-01 1.177536235831881273e+00 1.231376618925775768e+00
6.901290736847796037e-01 1.175819597331797084e+00 1.232335564114838578e+00
6.911535514708895267e-01 1.167137745258977510e+00 1.239662150984649047e+00
6.909964029210153846e-01 1.168132824805575565e+00 1.238887826496877675e+00
