6.900387400515277658e-01 1.172258891606317688e+00 1.236240567416686975e+00
6.901686762955816512e-01 1.178091033727517667e+00 1.229888964341278701e+00
6.969986012857521951e-01 1.173405647659746087e+00 1.222700019866797216e+00
6.875244014256944869e-01 1.184431123688222565e+00 1.228010477883878071e+00
7.062541455476114560e-01 1.146736479968588185e+00 1.234739556208609867e+00
7.011456575682908365e-01 1.157151235062123806e+00 1.232541718882592674e+00
6.793638018888601415e-01 1.186955773491771948e+00 1.240118138834999106e+00
7.054922307305611096e-01 1.147551006705712640e+00 1.235195686242921198e+00
7.003047030286618790e-01 1.173990624950010053e+00 1.216321345224412154e+00
6.880008670586656994e-01 1.176854187547051289e+00 1.235060856053941336e+00
