6.909219242744683021e-01 1.174573146178232941e+00 1.232227675186117200e+00
6.958503104299971209e-01 1.168177483818262807e+00 1.230198926063100107e+00
6.908683086111250260e-01 1.176816502484868687e+00 1.229974135194467300e+00
6.836764313373561164e-01 1.187642599804638932e+00 1.231582826755503568e+00
6.887350137349003143e-01 1.179283889232756399e+00 1.231202453941740549e+00
6.894442162263924034e-01 1.178330271981990141e+00 1.230931348863083086e+00
7.003282824148800989e-01 1.165930450960123599e+00 1.224688640160852771e+00
6.992062001829660867e-01 1.154954616617789753e+00 1.238311226073125493e+00
6.946875480460568131e-01 1.170551366515935277e+00 1.229758999012787513e+00
6.939578295130840457e-01 1.163990811154099081e+00 1.237990659781993186e+00
