6.880400287040960849e-01 1.182918049628635337e+00 1.228659763616048783e+00
6.888507858307476583e-01 1.170561855478936542e+00 1.240167865435737315e+00
6.852524171914908813e-01 1.180043661429186264e+00 1.236662943552103489e+00
6.958058892365224235e-01 1.174078644737279964e+00 1.224093835884498604e+00
6.979972655718295060e-01 1.164932950282558721e+00 1.229830754304523710e+00
6.963024543500517805e-01 1.176123902733180238e+00 1.221093719830241842e+00
6.882524218286373285e-01 1.175038384433295446e+00 1.236517303083569663e+00
6.940421438991927205e-01 1.167602000051515709e+00 1.234011841274632593e+00
7.001841720231012367e-01 1.153505918964195631e+00 1.238134666397232353e+00
6.907930087475928627e-01 1.175088766360555370e+00 1.231916839830253130e+00
