7.066871413404720581e-01 1.141144790038405299e+00 1.240029620073554772e+00
6.867808648485961287e-01 1.184268611877793864e+00 1.229508668149484452e+00
6.847423039397677602e-01 1.179078504777751446e+00 1.238597269344238638e+00
6.906786712194145084e-01 1.170183046992762099e+00 1.237286154790931958e+00
7.008046874560941442e-01 1.160684505802861421e+00 1.229387562072733475e+00
6.799463897624603570e-01 1.193722968451693900e+00 1.232031402929188557e+00
7.058750647670298806e-01 1.155188877828181582e+00 1.226363342799613010e+00
6.920458140314774687e-01 1.173578312104621268e+00 1.231269378709917373e+00
6.832733824350115670e-01 1.180119431911694994e+00 1.240165186356376958e+00
6.917717489514255691e-01 1.178286873878021446e+00 1.226834946237177704e+00
