6.899926323971676823e-01 1.178595837169313487e+00 1.229675849586473912e+00
7.017548068361131319e-01 1.152050174200328847e+00 1.236924551795724803e+00
6.873002289911332996e-01 1.179704860574707359e+00 1.233332405449957481e+00
6.884200083709249851e-01 1.174240551317202508e+00 1.237056231953534535e+00
6.943121287991502744e-01 1.159314901898164996e+00 1.242349614975848393e+00
6.946869425228651140e-01 1.161372577719595789e+00 1.239479353250740212e+00
6.989273901991808202e-01 1.162553361049453393e+00 1.230708056466631062e+00
6.904405237041056909e-01 1.185668759228528435e+00 1.221547473373946202e+00
6.908682242948196439e-01 1.177559313519679129e+00 1.229198410611729297e+00
6.873457370533178068e-01 1.183745326433953249e+00 1.229041306271669631e+00
