6.895181118583487700e-01 1.176503828488165482e+00 1.232710163776598700e+00
6.973364185101560420e-01 1.169525470769055886e+00 1.226162326661154545e+00
6.866847860937362880e-01 1.173618431003486284e+00 1.240839623624831578e+00
6.949798989926356807e-01 1.169925290794748607e+00 1.229899505743631272e+00
6.880541092081077226e-01 1.175365639656215988e+00 1.236529314278266733e+00
6.933573806493945613e-01 1.176949947936882124e+00 1.225419714836672780e+00
6.922263411852360715e-01 1.170604933532410019e+00 1.234074926218834634e+00
6.915411504186190772e-01 1.170764690441169265e+00 1.235129105935812932e+00
6.945487719841677565e-01 1.170526808171564292e+00 1.230030520324375098e+00
6.972207794178264528e-01 1.159978958518248948e+00 1.236458563052799997e+00
