7.151861818522510239e-01 1.143181458391338889e+00 1.223110552970129383e+00
6.894015966410692586e-01 1.189516090277656701e+00 1.219431457059406698e+00
6.791260511638813613e-01 1.183753819812684682e+00 1.243907872256908576e+00
6.933915131153585154e-01 1.168244651740298234e+00 1.234490285692062539e+00
6.927901781160864525e-01 1.178703160785800286e+00 1.224598801146264737e+00
6.987860508508906277e-01 1.176744474885710767e+00 1.216112087408559361e+00
6.885452299209934290e-01 1.181963919291806553e+00 1.228749365579107744e+00
6.969276299519303608e-01 1.161102416011918548e+00 1.235781782335552137e+00
7.177667343829592372e-01 1.135121023197316781e+00 1.227367180505534838e+00
7.043389455470914218e-01 1.145376418390276818e+00 1.239567153944543643e+00
