6.961144430842605146e-01 1.163026771515793367e+00 1.235178272437587266e+00
6.857994979251229584e-01 1.186583264155362638e+00 1.228866254912907241e+00
6.931141189926789403e-01 1.176257993104850907e+00 1.226570927423508373e+00
6.988743132871390040e-01 1.158456539606769198e+00 1.235154189905760536e+00
6.949971907826613116e-01 1.167255666430904615e+00 1.232681732160968657e+00
6.869757406634878771e-01 1.186127873653422427e+00 1.227233176215794863e+00
7.027638078234961228e-01 1.153844991559527244e+00 1.233227337585964811e+00
6.988498896156819518e-01 1.150846831042587670e+00 1.243364813453658124e+00
6.986054667716572464e-01 1.175272731683485450e+00 1.217949721138526620e+00
6.917953685506222916e-01 1.180642303424696893e+00 1.224345556881498931e+00
