6.871414108390990760e-01 1.179837092528824627e+00 1.233479204589797762e+00
6.832745534194372139e-01 1.193806699149696504e+00 1.225944307438181724e+00
6.948622492783522731e-01 1.163434525387927243e+00 1.236970477852320949e+00
6.919753874767720081e-01 1.173813841314784945e+00 1.231147609524788411e+00
6.985959791265394792e-01 1.171560777361245531e+00 1.221825246850334556e+00
7.151125120700494442e-01 1.141921179070978232e+00 1.224586578817239868e+00
6.917689861237288351e-01 1.173575381948013252e+00 1.231765176041159648e+00
6.990051451869960797e-01 1.159337407864699410e+00 1.233984709236681132e+00
7.011581446834023179e-01 1.161818671466158692e+00 1.227568300505169185e+00
6.949971998382193927e-01 1.178282860603281357e+00 1.221145419433760315e+00
