7.116377855396481822e-01 1.137711694851941902e+00 1.235118930321700947e+00
6.837873000747336505e-01 1.181326501116676253e+00 1.237966871168216798e+00
6.876794270031874046e-01 1.179193669126575417e+00 1.233186691474262187e+00
7.029006813712568302e-01 1.154700065363628791e+00 1.232074148593525154e+00
6.863918214533082374e-01 1.180377822741501381e+00 1.234260579866741647e+00
6.852223579970697642e-01 1.190888479431248204e+00 1.225455036350610483e+00
7.121607185426824804e-01 1.147214175984623274e+00 1.223988901853616751e+00
6.896233065613581736e-01 1.172151581042117918e+00 1.237098532735293688e+00
6.874708201030683696e-01 1.179076209124539698e+00 1.233683778783205787e+00
6.875422544432047145e-01 1.180920172152001069e+00 1.231629450074408272e+00
