6.790607057005274561e-01 1.177813991208246147e+00 1.250301322534605575e+00
6.937996591953344838e-01 1.172383110329147105e+00 1.229408933448845387e+00
6.900174657799724720e-01 1.175636643106636070e+00 1.232726698880080463e+00
6.964229968281431260e-01 1.159622346402894966e+00 1.238255656389167791e+00
6.954240065042713859e-01 1.168251641367056282e+00 1.230874916272985287e+00
7.172836200102157278e-01 1.143122421484682461e+00 1.219596988945089944e+00
6.919830313560025870e-01 1.184560984618187929e+00 1.219964324371211051e+00
7.058311451654190050e-01 1.150791809838590751e+00 1.231125763297235221e+00
6.977051097264149737e-01 1.160759319929359989e+00 1.234769567036154925e+00
6.862738067881601900e-01 1.184069702600723417e+00 1.230623794049327202e+00
