7.044847085255515617e-01 1.156865901538695507e+00 1.227002390139945165e+00
6.835164121435777229e-01 1.200279575936063603e+00 1.218901571049966215e+00
7.035260939566867489e-01 1.152095716363979339e+00 1.233761540284344482e+00
6.869037691858669303e-01 1.175743918464597026e+00 1.238201596136064175e+00
6.928418195031268434e-01 1.184336506060681860e+00 1.218683104551280705e+00
6.964133821723397233e-01 1.175811335985192496e+00 1.221223771080428344e+00
6.868590445959769086e-01 1.170210011469786870e+00 1.244138040741344930e+00
6.936973692654866408e-01 1.162378957672655311e+00 1.240172831684351440e+00
7.074363597724273589e-01 1.148427108632648963e+00 1.230861498881507865e+00
7.045860242572319354e-01 1.152597741628358818e+00 1.231368986513049046e+00
