6.889477681002565967e-01 1.182540310147129681e+00 1.227432868272064104e+00
6.926807425960346265e-01 1.171508201689606565e+00 1.232314483205927402e+00
6.992062314347611274e-01 1.159410690174516700e+00 1.233551851435360724e+00
6.889533538031513693e-01 1.178655255096368704e+00 1.231468718678164764e+00
6.962411368716677762e-01 1.166383129443710809e+00 1.231399834683533534e+00
6.934165270319914143e-01 1.172168480268161783e+00 1.230313451976340122e+00
6.977639181917553168e-01 1.155018621374368726e+00 1.240802060215336899e+00
6.979048065421504798e-01 1.161711960514806075e+00 1.233403992612130295e+00
6.864273297638281424e-01 1.182660654023331093e+00 1.231814423779632239e+00
6.874168689466236826e-01 1.181947848883963870e+00 1.230783031387104431e+00
