6.901762436544677248e-01 1.174363435738681405e+00 1.233779280541305701e+00
6.842965630322251913e-01 1.179323675259304371e+00 1.239146413093386911e+00
6.922190535787967614e-01 1.170042538589619818e+00 1.234681097545349937e+00
6.878439381448029355e-01 1.176737347389366750e+00 1.235465289546223921e+00
6.917532998381590303e-01 1.170661505256117341e+00 1.234859146187612611e+00
6.914824787353174296e-01 1.173270267648583776e+00 1.232596001911357986e+00
6.927482744916590995e-01 1.172295578678674177e+00 1.231366743981620937e+00
6.880796853198426488e-01 1.173961207334615509e+00 1.237962580905799026e+00
6.929525083438443644e-01 1.178000556636946472e+00 1.225042154097164104e+00
7.013485669128317612e-01 1.160920935386586805e+00 1.228184021562721107e+00
