6.896928232738693820e-01 1.177523103313116160e+00 1.231331121494432912e+00
6.883884554871361194e-01 1.185328334933180461e+00 1.225540747036292677e+00
7.116749045600704315e-01 1.134112129793393597e+00 1.238974456553181502e+00
6.874994002216086031e-01 1.177456377589393366e+00 1.235329606415724424e+00
6.911092316470502928e-01 1.173787956605455207e+00 1.232717770215710162e+00
6.914502823270919363e-01 1.170349082957680364e+00 1.235730091911454220e+00
6.869621941867328774e-01 1.180760851172738324e+00 1.232835743983956123e+00
6.969261437965027506e-01 1.167913167967449706e+00 1.228577870568572150e+00
6.946000038515002251e-01 1.168597616186683119e+00 1.231970255897197886e+00
6.868712638197931319e-01 1.186104309891767850e+00 1.227444229593847913e+00
