7.055054204933061124e-01 1.153320614705908964e+00 1.228993512509439778e+00
6.908548559797275113e-01 1.180424856544345591e+00 1.226238194971418727e+00
6.904950092179237275e-01 1.168277013386521901e+00 1.239634413913500932e+00
6.865493553685414474e-01 1.187786121513383364e+00 1.226280972920523960e+00
6.984337322054918751e-01 1.160719301791007574e+00 1.233523953172331211e+00
7.095640149135175045e-01 1.147022270970542213e+00 1.228673714086884194e+00
6.906149098810485665e-01 1.174180782114281563e+00 1.233187408792159934e+00
6.904767406712768452e-01 1.177515469843075646e+00 1.229941130393014559e+00
6.906326118716844542e-01 1.178404491588975755e+00 1.228735847811129878e+00
6.984733275939644104e-01 1.152657416897858056e+00 1.242081016904010848e+00
