6.835837077485303892e-01 1.190661981916355749e+00 1.228626306472501373e+00
7.000047140493742548e-01 1.157468805664730205e+00 1.234211929631113813e+00
6.900007064504918297e-01 1.177862813635753625e+00 1.230426720085397108e+00
7.044073210178531941e-01 1.154486374911407154e+00 1.229666459073796458e+00
7.039355998562326633e-01 1.149808795925828075e+00 1.235496285968355368e+00
6.855996055736652828e-01 1.188847888765616867e+00 1.226883003544076978e+00
6.989323637306499304e-01 1.171629108335834557e+00 1.221165978352012349e+00
6.903015791729236739e-01 1.170079592762240939e+00 1.238071505049396226e+00
6.992963738613403590e-01 1.164173159544203306e+00 1.228347203697369494e+00
6.901690028643308050e-01 1.176669596613216573e+00 1.231374108715090898e+00
