6.858266526240235361e-01 1.169845744269470078e+00 1.246398856315221515e+00
6.903078128594652974e-01 1.171322184949832756e+00 1.236746933831281758e+00
6.962373150170957370e-01 1.169751858266108169e+00 1.227860307993394073e+00
6.913365524252733652e-01 1.184168566063307670e+00 1.221509789737580398e+00
6.947095598260852878e-01 1.171204122212720300e+00 1.229034665467529042e+00
6.900944703015710058e-01 1.171639668835500192e+00 1.236794044015560701e+00
6.955351350397716015e-01 1.162176214201563251e+00 1.237111784759302502e+00
7.222911313536302114e-01 1.141875438851470914e+00 1.212464372469222784e+00
6.951740278525374572e-01 1.175742429381221976e+00 1.223472665139074156e+00
7.041655650813639644e-01 1.154204240238294377e+00 1.230389315250134841e+00
