7.013755568192219236e-01 1.156096217526961789e+00 1.233262122835188324e+00
6.949596563545404893e-01 1.171005749666850448e+00 1.228800498216576331e+00
6.947121938563969312e-01 1.168782614563101729e+00 1.231576334953770724e+00
6.871825495444944254e-01 1.182401552635105935e+00 1.230730281336545939e+00
6.920281973456962055e-01 1.174206424091438050e+00 1.230642069507589031e+00
7.150940936878182885e-01 1.135353447980736785e+00 1.231702224513028243e+00
6.899892349225775767e-01 1.173344045068220654e+00 1.235185860210348263e+00
6.934133989834107004e-01 1.175804770751923467e+00 1.226514120988011491e+00
6.951409732133138064e-01 1.167441506896557346e+00 1.232230579992449337e+00
6.951257096610126140e-01 1.168671049745746426e+00 1.230961195850122980e+00
