6.885899369816524951e-01 1.167159698634212095e+00 1.244253998748134915e+00
7.083411108240325049e-01 1.141890917637548908e+00 1.236325802306386779e+00
6.918862871603023157e-01 1.173288854003307069e+00 1.231857102405205628e+00
7.010197069370198708e-01 1.156822476791835808e+00 1.233113506789640157e+00
6.988253559804934456e-01 1.175275362651156508e+00 1.217563760977049769e+00
6.875434542996321508e-01 1.183708872014581415e+00 1.228725709820187362e+00
6.911558926478469367e-01 1.166407199790708615e+00 1.240434375794530864e+00
6.878532507124768269e-01 1.191896720815161848e+00 1.219735266962194142e+00
7.040936825566302959e-01 1.156189006906365613e+00 1.228402570564805618e+00
6.877780916752710416e-01 1.181400599919797623e+00 1.230706445629549117e+00
