6.867085724634444110e-01 1.179807657056035852e+00 1.234287471184517093e+00
6.862343150945732217e-01 1.182750864458950835e+00 1.232066912789920421e+00
6.807919862059361726e-01 1.188487359460950632e+00 1.235921815394768419e+00
6.961369198864514329e-01 1.170214445110111967e+00 1.227551942639151017e+00
6.924650731211614563e-01 1.177626696339269197e+00 1.226293664303428121e+00
6.896546581464035874e-01 1.173141801481766722e+00 1.235998137153181409e+00
6.924678656269438459e-01 1.172495443970799744e+00 1.231655389702071446e+00
7.165179888137307440e-01 1.135161187368378233e+00 1.229462730354217381e+00
6.927902339173325208e-01 1.174201842338806090e+00 1.229293217993783660e+00
6.972727416354069785e-01 1.163724684105350571e+00 1.232386879237612698e+00
