6.925053942826238096e-01 1.169148065397597636e+00 1.235114794812911088e+00
6.879146595307658041e-01 1.178276541906037256e+00 1.233724542127504487e+00
6.878280465854517134e-01 1.181910727813703543e+00 1.230085912896438538e+00
6.933428384575491821e-01 1.164786546084466856e+00 1.238242255096807076e+00
6.842537887816846354e-01 1.179787448533504701e+00 1.238736737261376675e+00
7.065421381634440223e-01 1.149889931346349981e+00 1.230851503540750569e+00
6.904659405140792794e-01 1.172013119132021108e+00 1.235734769578953784e+00
6.797212264724580288e-01 1.190376835054261173e+00 1.235903894596290797e+00
6.979953041187401119e-01 1.161510261057297821e+00 1.233458233624988409e+00
7.015635221684153322e-01 1.156881782385863255e+00 1.232094497415484602e+00
