6.922785414659282655e-01 1.179074443018735874e+00 1.225117952857404324e+00
6.978738087510382160e-01 1.158268823045192075e+00 1.237125428814517480e+00
7.058428894477489779e-01 1.149950824036720221e+00 1.232005614953521011e+00
6.909385928676118338e-01 1.175366552122546482e+00 1.231366179471681477e+00
7.068547057318694815e-01 1.154013248033933126e+00 1.225911310360414674e+00
6.921418236352694375e-01 1.167065310556023583e+00 1.237968934545045752e+00
6.817634906082284951e-01 1.178509753287385164e+00 1.244609405125602031e+00
6.840851949081608874e-01 1.184931475979831950e+00 1.233663093581901737e+00
6.867490726788298971e-01 1.187936358973245676e+00 1.225769309569105348e+00
6.964037901726087831e-01 1.170661364756666600e+00 1.226613071016876999e+00
