7.118604503407960360e-01 1.141886241553753178e+00 1.230218616485166727e+00
6.945654928141081763e-01 1.171280270263277412e+00 1.229209672866910186e+00
6.921785656069329162e-01 1.175165632114099745e+00 1.229370454447136440e+00
6.924309773814364410e-01 1.176865443478943840e+00 1.227147312236572807e+00
6.924404967466888383e-01 1.170368152799987627e+00 1.233942848092196565e+00
6.903492811214234637e-01 1.173217400664928967e+00 1.234674922935877550e+00
6.887505157165574321e-01 1.178895270402371187e+00 1.231580595359937469e+00
6.885348481829720590e-01 1.180288017193374950e+00 1.230512631810459334e+00
6.978269626385059654e-01 1.165495386158102109e+00 1.229537264254252582e+00
7.032923060389570935e-01 1.152536587087600317e+00 1.233699568453600959e+00
