6.987355947891513708e-01 1.163006657628280482e+00 1.230566056874351277e+00
6.934337432334164442e-01 1.171772604726938338e+00 1.230698549268682163e+00
6.938734523830016876e-01 1.167687677446358707e+00 1.234221283055434437e+00
6.948936297071806045e-01 1.155431020201369563e+00 1.245482548385424826e+00
6.815437718888348595e-01 1.196572518144165764e+00 1.226216688360230123e+00
6.900919891161666486e-01 1.174524973683250373e+00 1.233760206626662859e+00
6.827265302839362615e-01 1.191486671739692582e+00 1.229317408760803865e+00
6.805038284954835204e-01 1.196631423221145463e+00 1.228030134417315455e+00
7.191880166983410927e-01 1.136337847037944604e+00 1.223629914951966713e+00
6.898905764173091093e-01 1.173883980376796199e+00 1.234794286484245163e+00
