7.000959695496009605e-01 1.168586775700834357e+00 1.222310254485975856e+00
6.955751346955446612e-01 1.168863001234586196e+00 1.229963828467310227e+00
6.915022295727283330e-01 1.172802516564919184e+00 1.233052380828972838e+00
7.131293436558144849e-01 1.150908831363179230e+00 1.218402468926446991e+00
6.835040292439935605e-01 1.179588429589660370e+00 1.240304778669492514e+00
6.973708251412943371e-01 1.163462946706584900e+00 1.232490750844385641e+00
6.889395667997287864e-01 1.178606728006152293e+00 1.231544067337296156e+00
6.939113688880493847e-01 1.174608443789042944e+00 1.226882236605254528e+00
6.830232785965250075e-01 1.185270224397408034e+00 1.235227978563415485e+00
6.982203819519117172e-01 1.154937201144182524e+00 1.240078298290069769e+00
