6.844892140297464955e-01 1.183605132810335636e+00 1.234316547026054645e+00
6.978714280558614425e-01 1.162822892261649477e+00 1.232284565565699097e+00
6.863730229052142917e-01 1.185556150245316687e+00 1.228903175452877417e+00
6.849430773854040533e-01 1.184091365632819803e+00 1.232992131381387857e+00
6.850428500213029404e-01 1.181847217131064998e+00 1.235153476956169394e+00
6.872047829892174997e-01 1.186155146388865989e+00 1.226795936986894153e+00
6.995468523162063912e-01 1.159789080739672462e+00 1.232548954423750898e+00
6.927527273009407294e-01 1.165715433761847830e+00 1.238309513057736178e+00
7.099489024595456721e-01 1.140336581277911598e+00 1.235207305056667870e+00
6.860167770502453299e-01 1.183392366535582108e+00 1.231789505299603293e+00
