6.886957139356389979e-01 1.181564081346531125e+00 1.228896591160208329e+00
6.919372202605418298e-01 1.176249422693211644e+00 1.228666123538078248e+00
7.066806535364716924e-01 1.148068011786839371e+00 1.232563155713966241e+00
6.947282994349768259e-01 1.169218581627532672e+00 1.231088576082444819e+00
6.967024743419659716e-01 1.171682996920239361e+00 1.225018139093540404e+00
6.880166138936901765e-01 1.169631892771625159e+00 1.242658722747335132e+00
6.836936210214782372e-01 1.180142465754862924e+00 1.239378716913151823e+00
6.923980759769743365e-01 1.168621886109110442e+00 1.235862435878700039e+00
6.910495332860187023e-01 1.169802879075241719e+00 1.237024029822780591e+00
6.835890819196874801e-01 1.191038638977117037e+00 1.228228106558254762e+00
