6.956452533676811267e-01 1.161497772779169324e+00 1.237638447950571763e+00
6.876210684443651022e-01 1.172955247831133363e+00 1.239850674205734249e+00
6.857343753960801758e-01 1.183274218210643269e+00 1.232419828548742879e+00
7.006773815088056523e-01 1.164744696648680300e+00 1.225324620824413513e+00
6.921096486033069262e-01 1.177079687928294316e+00 1.227493584159979223e+00
6.850329162420785156e-01 1.188855959361357462e+00 1.227889599445348479e+00
6.928049126296903504e-01 1.169663242985432561e+00 1.234037050698112425e+00
6.937674979723970070e-01 1.173860412482313542e+00 1.227918643953740396e+00
7.098288868529455398e-01 1.142669761725905619e+00 1.232893593672316213e+00
7.054549247760448782e-01 1.160424720915869568e+00 1.221557060484476542e+00
