6.827653352115838903e-01 1.191404284368446920e+00 1.229332544866693633e+00
7.095593120022045674e-01 1.140103777933380469e+00 1.236137869151371138e+00
6.866344321883455226e-01 1.183646482981435710e+00 1.230417247005445081e+00
6.938340837092541458e-01 1.163786319428129046e+00 1.238429025447246534e+00
6.917372124525958954e-01 1.169664133950152562e+00 1.235940852196321105e+00
6.947473013922834673e-01 1.169327189319773197e+00 1.230940563720491765e+00
6.846242084781976045e-01 1.183902132285346687e+00 1.233763578418710871e+00
6.936614250553434502e-01 1.171532445591761062e+00 1.230546799844082662e+00
6.885928273760352214e-01 1.178268818619406577e+00 1.232517574435665564e+00
6.873766768198955601e-01 1.175570408096101804e+00 1.237532355778363957e+00
