6.963177981572358233e-01 1.167547458717698161e+00 1.230036392952668312e+00
7.104588282786110653e-01 1.141305492854562287e+00 1.233272868555626456e+00
6.853120883188911217e-01 1.191371152824581170e+00 1.224798166044539505e+00
7.101257523741312250e-01 1.169468183926892113e+00 1.204138178850886920e+00
6.884878471986847215e-01 1.187766354046376760e+00 1.222848633119900441e+00
7.150931994393698865e-01 1.136026664655473528e+00 1.230973849261849606e+00
6.958240996495825836e-01 1.162435131465969329e+00 1.236322595955580139e+00
6.890563725405156603e-01 1.168144239080477487e+00 1.242363761469036598e+00
6.848649351719076073e-01 1.192340736263724166e+00 1.224601218068482877e+00
6.974343463880755545e-01 1.163154113974645743e+00 1.232705710201047022e+00
