7.056945419631651673e-01 1.140085465841651713e+00 1.242927601162992834e+00
6.932853477827569666e-01 1.186107216346484083e+00 1.216085275724400061e+00
6.891637166016465477e-01 1.174019449617966560e+00 1.235953989666089381e+00
6.944619755171771436e-01 1.179520393591511507e+00 1.220804367867461382e+00
6.996201016150036534e-01 1.152160259743672421e+00 1.240580153936705621e+00
6.899342763913648424e-01 1.181213276587253391e+00 1.227054800352092689e+00
6.812349833923380116e-01 1.192866238374009180e+00 1.230584132607623893e+00
6.913805975963714934e-01 1.170279506502150735e+00 1.235928117090280276e+00
6.991918802679384370e-01 1.159238288716364362e+00 1.233760627641462548e+00
6.946020643834305286e-01 1.176300757568968569e+00 1.223898925676916605e+00
