6.809448432405516005e-01 1.187281828258685668e+00 1.236899015441892180e+00
7.003864856612254108e-01 1.157592743909664268e+00 1.233407107188632335e+00
6.956054117184082841e-01 1.161867791156242058e+00 1.237315163678449847e+00
6.876614699568376343e-01 1.185305579215277350e+00 1.226859923612789505e+00
6.968673283496671367e-01 1.171579162603930024e+00 1.224836888205099061e+00
6.827211334844018875e-01 1.173536307220267361e+00 1.248130864976693122e+00
6.944994774425304884e-01 1.178453912542934523e+00 1.221843194114249576e+00
7.039248094992377469e-01 1.154466569087775785e+00 1.230530455279996493e+00
6.889658449640917448e-01 1.180525687303661142e+00 1.229495280487939324e+00
6.977418851150115620e-01 1.164647597307410631e+00 1.230582318506979300e+00
