6.830053032672905866e-01 1.189359789844665727e+00 1.231013094149894238e+00
7.069907543031823671e-01 1.151036801903370987e+00 1.228844856988137391e+00
6.920058384392170359e-01 1.177004530138924476e+00 1.227756118206730029e+00
7.078166120981039811e-01 1.146859501741321896e+00 1.231881779857745718e+00
7.088405825897191592e-01 1.144750779643606942e+00 1.232368185546518280e+00
6.989852945389393168e-01 1.178963537021409325e+00 1.213477107055938031e+00
6.888141265723450868e-01 1.181766657588719793e+00 1.228474715090127400e+00
6.941030260704152965e-01 1.157342373033984906e+00 1.244841930050901047e+00
6.890520589709306920e-01 1.178654507087712799e+00 1.231293094950046685e+00
6.951675935200194445e-01 1.173497141828438117e+00 1.225824918257022000e+00
