6.988279212881535196e-01 1.175507327755798137e+00 1.217319028157759053e+00
6.832677635751984724e-01 1.190599593862071037e+00 1.229258835805560057e+00
7.000167207139570413e-01 1.159920953451342829e+00 1.231581601513336510e+00
6.979860857628180648e-01 1.162470386466468497e+00 1.232455753764950979e+00
6.964461408188894476e-01 1.169526671711688115e+00 1.227728487897946863e+00
6.922820826067540567e-01 1.176974037407523710e+00 1.227297997319237943e+00
6.894393562609997250e-01 1.184118794270675012e+00 1.224922619688411762e+00
7.206697121638518944e-01 1.134132562649812659e+00 1.223488551594478668e+00
6.869513787778446234e-01 1.174242265234004545e+00 1.239699118241692322e+00
6.929687738403440544e-01 1.171500172778145998e+00 1.231810716065861566e+00
