7.133933785964876595e-01 1.134955583498556964e+00 1.235071386061241006e+00
6.831392815744321556e-01 1.192044041542004162e+00 1.228000207216512374e+00
6.911019472373332029e-01 1.169026011801556075e+00 1.237752205014546636e+00
6.924374476938093270e-01 1.172881289262742710e+00 1.231304296688365385e+00
6.912906970605738888e-01 1.175999098389205466e+00 1.230077001767684752e+00
6.862597438229872671e-01 1.178323556939006256e+00 1.236650325228032976e+00
6.978169038286667902e-01 1.167844032781541808e+00 1.227082234358418233e+00
6.976896744131926287e-01 1.156999189118290472e+00 1.238809849901306714e+00
6.868024449063794279e-01 1.183707190874720760e+00 1.230053161572129961e+00
6.916084439095190328e-01 1.172449451487394656e+00 1.233234271483778510e+00
