6.878967987160398145e-01 1.187180014895411029e+00 1.224503792627139820e+00
6.880378265923522418e-01 1.180387632398152142e+00 1.231297603481782632e+00
6.937124433744323859e-01 1.168953461483284384e+00 1.233170974355536353e+00
6.974713311797998694e-01 1.172179727161353657e+00 1.223149192424052956e+00
7.126575788169331460e-01 1.139358389553013273e+00 1.231568967997191066e+00
6.981875149662490898e-01 1.160677610933184889e+00 1.234003280969978134e+00
6.917649178003987265e-01 1.166495300454229556e+00 1.239248703261269124e+00
6.857946483822315864e-01 1.184050637336478529e+00 1.231503448579808868e+00
6.937615645025501099e-01 1.170967251073238735e+00 1.230963045581356718e+00
6.955083827950636621e-01 1.168512852417300962e+00 1.230450473283271950e+00
