7.218998726722924975e-01 1.130982655972317286e+00 1.224805392762241540e+00
6.867262538732978872e-01 1.182208518787897678e+00 1.231749130932916714e+00
6.896434485183982055e-01 1.173786350540430234e+00 1.235339505559500894e+00
6.876296271339432664e-01 1.182836802235385232e+00 1.229477516296906048e+00
6.847831294214142828e-01 1.193869303821898598e+00 1.223179409321978550e+00
6.856749700072644060e-01 1.176397584243653593e+00 1.239731338958146134e+00
6.898995266690246542e-01 1.173577872737298522e+00 1.235100337878234367e+00
6.943779955951849825e-01 1.176646309541349744e+00 1.223934320654865848e+00
6.988181712770885623e-01 1.162425781582927309e+00 1.231035499685588785e+00
6.986878730140465565e-01 1.166650965204074408e+00 1.226805883103275541e+00
