6.967879773503198315e-01 1.164230775822128416e+00 1.232708174594963957e+00
6.864899534698820638e-01 1.181253304265658999e+00 1.233169508506404721e+00
6.858391565059103190e-01 1.183544651269149872e+00 1.231949984227360906e+00
6.893348204930219714e-01 1.173053050968028144e+00 1.236665171901567106e+00
7.075544390783943260e-01 1.145293809997951495e+00 1.234022921195470968e+00
6.932249174908721168e-01 1.163589522131847520e+00 1.239726924623043791e+00
6.932231848383476613e-01 1.178161139602062368e+00 1.224396915495632010e+00
6.907510945648075440e-01 1.184710446747351043e+00 1.221985915106789111e+00
6.891331683690024024e-01 1.170593780697109620e+00 1.239625879426484945e+00
6.843471317338215565e-01 1.179173348519582110e+00 1.239212809138612759e+00
