6.916494522288737512e-01 1.172819986762078770e+00 1.232771553088021665e+00
7.122715805142955103e-01 1.135581083225359000e+00 1.236335199739777124e+00
6.962028240342326146e-01 1.178071351109751363e+00 1.219249608075039903e+00
6.919099320973836065e-01 1.176558754897226944e+00 1.228391536140840623e+00
6.909148589780662597e-01 1.181572112682908404e+00 1.224941179833375360e+00
7.025542418931840505e-01 1.151923628821289736e+00 1.235652786432989370e+00
6.867489809213156438e-01 1.182129563727175814e+00 1.231790634282064367e+00
6.945127650670408492e-01 1.161648053010566173e+00 1.239496197287746293e+00
6.920005159310310683e-01 1.182650264673429596e+00 1.221904455579668314e+00
6.956049630221310398e-01 1.165355040503226247e+00 1.233613374067076274e+00
