6.954478039528630973e-01 1.167458370687440183e+00 1.231669129769644266e+00
6.854173877175382401e-01 1.185059956671599135e+00 1.231131827820689972e+00
6.937825555116076126e-01 1.173656992047140690e+00 1.228104814316788751e+00
6.922474893860147693e-01 1.172372005203855094e+00 1.232177207849722844e+00
6.947975227325429159e-01 1.161886419179006147e+00 1.238734014926487381e+00
6.962826805417206000e-01 1.167778988592694578e+00 1.229854545246980457e+00
6.867890007253601992e-01 1.170430534456300409e+00 1.244030492967528545e+00
6.857336409273754319e-01 1.190325885341172008e+00 1.225120102841920300e+00
6.941378277357005411e-01 1.163697388758631268e+00 1.237981708278786064e+00
6.963880504063579835e-01 1.171155627929282073e+00 1.226123115336894109e+00
