7.054318565891756210e-01 1.160521306922670304e+00 1.221495337261809144e+00
6.890666377919376639e-01 1.177277531751749651e+00 1.232707166972214941e+00
6.871219738510502273e-01 1.177329544089352975e+00 1.236141310412497640e+00
6.939309581853840836e-01 1.171928637053547773e+00 1.229652990323135242e+00
6.916624183080918309e-01 1.171164422222268797e+00 1.234491063294018254e+00
6.909124228065194329e-01 1.167527075823568294e+00 1.239681264055952692e+00
6.862591509554829550e-01 1.178105153058085053e+00 1.236880651103384299e+00
7.005557508067937755e-01 1.163140750790676359e+00 1.227227351487943485e+00
6.955333963427864363e-01 1.170656733699786178e+00 1.228152918989631637e+00
6.892287561318680700e-01 1.170792023569469320e+00 1.239244089216052114e+00
