6.893017613405783006e-01 1.168466582043542479e+00 1.241578877857876684e+00
6.914390299689971986e-01 1.172813083615252383e+00 1.233153974697338784e+00
7.038719196478224749e-01 1.149557561354701551e+00 1.235878103740787104e+00
6.912417505673723594e-01 1.174346883639462158e+00 1.231894848160772993e+00
6.954665997424793744e-01 1.161757240686620563e+00 1.237679890077002298e+00
6.967354041097738593e-01 1.171272916216497872e+00 1.225389118591146076e+00
7.061753928879724862e-01 1.148718901919947744e+00 1.232746143077555478e+00
6.934509302915143891e-01 1.173788969498465340e+00 1.228553973515997377e+00
6.884479699120966689e-01 1.181128753425444211e+00 1.229791917023922210e+00
6.827017263602075392e-01 1.198813027585284852e+00 1.221849020837669775e+00
