7.011816155093492098e-01 1.165025312923365419e+00 1.224148536745726101e+00
7.224387469463567912e-01 1.139437768909034254e+00 1.214810000432658743e+00
6.972296592441036278e-01 1.169425839451937454e+00 1.226454556766869652e+00
6.959501045539899788e-01 1.173013441667995371e+00 1.224951536592159052e+00
6.863601808527897141e-01 1.183359886838775132e+00 1.231207001087485153e+00
6.881236251474833754e-01 1.184101746633068108e+00 1.227282409761735638e+00
6.861358471447859264e-01 1.178195711046780225e+00 1.237007842237739963e+00
6.857710122904404626e-01 1.173135870288946281e+00 1.243004103604534505e+00
6.903963306793278187e-01 1.175176780355911443e+00 1.232532340510884783e+00
6.960831909618317992e-01 1.159980472975352006e+00 1.238477654273786976e+00
