6.856577967145401908e-01 1.185893431642118800e+00 1.229835195568228956e+00
6.922648237045777586e-01 1.166179814695432526e+00 1.238688814263807059e+00
6.935956715379898441e-01 1.163389552048136100e+00 1.239277219519492768e+00
6.897108647661235326e-01 1.173600926611058526e+00 1.235413915760050552e+00
6.944227618349593234e-01 1.161195773765930417e+00 1.240139686172477385e+00
6.939478105581097234e-01 1.177698095460098848e+00 1.223599293050965597e+00
6.911263383908833324e-01 1.177121951902310393e+00 1.229195883551441604e+00
6.915127774538813998e-01 1.170868584796388223e+00 1.235070182769310243e+00
6.978605740704593163e-01 1.159973631346969292e+00 1.235330658012431249e+00
6.874329132741719972e-01 1.184766013713704824e+00 1.227826749848565102e+00
