6.843444648791272567e-01 1.183986201593294263e+00 1.234180271793864803e+00
6.980202918329925232e-01 1.162885782499601950e+00 1.231955132357714033e+00
7.022392239797340396e-01 1.165358449940935071e+00 1.221955489841541675e+00
6.954709260095721657e-01 1.165462066669269880e+00 1.233737819985142314e+00
6.895218434693859422e-01 1.167776967718933578e+00 1.241915552713114046e+00
6.956285658285318307e-01 1.172157863141511491e+00 1.226412269842402258e+00
6.980386808949379240e-01 1.164518858827057413e+00 1.230195077010374671e+00
6.854544568646601110e-01 1.191935036624663047e+00 1.223964465652423117e+00
7.036383167850777109e-01 1.148611770811867494e+00 1.237306391673389516e+00
6.854661301442562804e-01 1.187896739444151084e+00 1.228104461748516618e+00
