6.902834382400390156e-01 1.172533941553541847e+00 1.235512441910779469e+00
6.847046951179145413e-01 1.179115207262480869e+00 1.238626745752698710e+00
6.868672821993621058e-01 1.174818968941488961e+00 1.239242273715482900e+00
6.942059673210390081e-01 1.162187501568179515e+00 1.239468393950740266e+00
7.175354862314258231e-01 1.143142984493486392e+00 1.219146960680919989e+00
6.863329585115990339e-01 1.183070049869558327e+00 1.231557476887311653e+00
6.945624275519373114e-01 1.169716479157197009e+00 1.230858432313059359e+00
6.866790281338432944e-01 1.182319269281350449e+00 1.231718454749443525e+00
6.900236064268800984e-01 1.172491593736514792e+00 1.236022321046673200e+00
6.882178936997165319e-01 1.185768135216536345e+00 1.225389809569861432e+00
