6.949412414411267891e-01 1.168661063645614950e+00 1.231298468774614685e+00
6.930894183549444199e-01 1.172042940223107621e+00 1.231025951229742121e+00
6.920929494000637172e-01 1.166328193569643235e+00 1.238838806499039435e+00
6.971859932851096620e-01 1.168088357620718609e+00 1.227935771843293056e+00
6.955348337874271980e-01 1.159980198476684210e+00 1.239454358930696554e+00
6.892408696124381340e-01 1.181842809225331914e+00 1.227634998424337542e+00
7.129387900995324268e-01 1.142224370939035838e+00 1.227994249356376022e+00
6.868965872620617086e-01 1.182702967116306958e+00 1.230928862385858524e+00
6.927746247508645983e-01 1.164575473035708075e+00 1.239482470152449833e+00
6.898349341937961565e-01 1.178958084283255658e+00 1.229579039892109593e+00
