6.984716940628867832e-01 1.155665098373308108e+00 1.238851330607459555e+00
7.072864477766296343e-01 1.144531370517925195e+00 1.235312859822969234e+00
6.848718517051668453e-01 1.196136852221763469e+00 1.220702438244744892e+00
6.911603100672253364e-01 1.179039729498112754e+00 1.227136205269679703e+00
6.908886991470681860e-01 1.174253849684195883e+00 1.232622010055376194e+00
6.908028694347211340e-01 1.177275291019838077e+00 1.229611278737094970e+00
6.885105184792823518e-01 1.176665181356163270e+00 1.234344874785891166e+00
7.060900705229523622e-01 1.143816269754549086e+00 1.238179547805250191e+00
6.956979726645332596e-01 1.171296675956181366e+00 1.227191536448665854e+00
6.902770357184132566e-01 1.173899591256373665e+00 1.234086561641389190e+00
