6.918787862711179848e-01 1.174672411929620575e+00 1.230419530195177913e+00
6.860015562452338456e-01 1.183411564302036867e+00 1.231796852874729620e+00
6.988306517990842126e-01 1.164835373356220893e+00 1.228467025804272694e+00
6.996060625563280677e-01 1.162273453395261003e+00 1.229810274902799483e+00
6.916172131837129422e-01 1.172477380430356098e+00 1.233189259016456152e+00
7.083572914449123292e-01 1.144844716451289157e+00 1.233107806489455394e+00
6.850083856769897395e-01 1.180156460410759056e+00 1.236985257848426389e+00
6.905970676358407223e-01 1.172551269266122631e+00 1.234933093502529999e+00
6.907310492817909653e-01 1.174109565382463138e+00 1.233054848449393504e+00
6.843980047677576950e-01 1.187110653608551614e+00 1.230835638679567579e+00
