1.722000000000000000e+03 1.310000000000000000e+02 7.800000000000000000e+01
1.689000000000000000e+03 3.740000000000000000e+02 2.500000000000000000e+01
1.689000000000000000e+03 3.740000000000000000e+02 7.800000000000000000e+01
7.490000000000000000e+02 3.740000000000000000e+02 1.890000000000000000e+03
7.720000000000000000e+02 3.740000000000000000e+02 7.800000000000000000e+01
4.360000000000000000e+02 5.250000000000000000e+02 7.800000000000000000e+01
1.025000000000000000e+03 3.740000000000000000e+02 7.800000000000000000e+01
4.360000000000000000e+02 3.740000000000000000e+02 7.800000000000000000e+01
1.722000000000000000e+03 3.740000000000000000e+02 7.800000000000000000e+01
7.720000000000000000e+02 3.740000000000000000e+02 7.800000000000000000e+01
