7.149204655490615234e-01 1.136554215948598623e+00 1.230699752371728906e+00
6.936425572079621960e-01 1.170200202155980973e+00 1.231981256706274896e+00
6.896280499270079911e-01 1.180105549988701874e+00 1.228751976706738969e+00
6.860060466333638418e-01 1.180112287606912114e+00 1.235232540207886531e+00
6.949993098422619919e-01 1.171415637287658074e+00 1.228300445963270704e+00
6.991245242245648361e-01 1.166889864725932258e+00 1.225788649327707924e+00
6.843770123181246445e-01 1.184953076387250004e+00 1.233114582598706210e+00
6.972281591482197838e-01 1.172988993153890602e+00 1.222731623034030379e+00
6.917471447292952158e-01 1.170152705737637300e+00 1.235407073465325745e+00
6.868789628428820793e-01 1.183709559168773851e+00 1.229913673588997280e+00
