6.936321680881537555e-01 1.172365507148331654e+00 1.229724262527363221e+00
6.975868140254946059e-01 1.160262643200776544e+00 1.235507618104341176e+00
6.909930800676379326e-01 1.177312377198628912e+00 1.229234078949076991e+00
6.900402193737975587e-01 1.174111068814137404e+00 1.234287733928574049e+00
6.989948048004631653e-01 1.164856298420894554e+00 1.228156468179755434e+00
6.924304646378085515e-01 1.167338091370683451e+00 1.237163719682821794e+00
6.872789317321823521e-01 1.177485551947767162e+00 1.235695263746345640e+00
6.841998624123880601e-01 1.186954118233535693e+00 1.231354454691057088e+00
7.068337438160416930e-01 1.149656049957453963e+00 1.230594009491337681e+00
6.866895669101530375e-01 1.187973675370034066e+00 1.225837022867622306e+00
