6.950014706529126229e-01 1.175379244749353180e+00 1.224154571917871026e+00
6.866232141532315758e-01 1.180004774730397887e+00 1.234234701838040626e+00
7.112969884008181198e-01 1.141937753625841045e+00 1.231137609726417503e+00
6.942069943860624814e-01 1.176285408899313767e+00 1.224611419947724711e+00
6.948864126450051693e-01 1.160273157933674693e+00 1.240297690072431180e+00
6.885901514390999623e-01 1.183356294489358085e+00 1.227223513892896190e+00
6.922934565150729025e-01 1.172322292542324895e+00 1.232147640698370239e+00
7.010563987315239221e-01 1.168420875373528567e+00 1.220809035113376240e+00
6.941561355254557419e-01 1.163476197759721220e+00 1.238184406739423649e+00
6.837925030585769726e-01 1.181995385949124122e+00 1.237256898001812377e+00
