6.881855682239736982e-01 1.180124946830273025e+00 1.231307282334022535e+00
6.980639414402005638e-01 1.166655632548750710e+00 1.227897493387191563e+00
6.814507848332349571e-01 1.187280808200872118e+00 1.235981744466229770e+00
7.033945550786722123e-01 1.159713840118922423e+00 1.225886204511553057e+00
6.938073664231947379e-01 1.164603419375295879e+00 1.237607784792001064e+00
6.848930512468076603e-01 1.191378682238391162e+00 1.225539787082353227e+00
6.831542976126817601e-01 1.179500619579656906e+00 1.241032119930911559e+00
7.008522545473122589e-01 1.155842276039182437e+00 1.234454110377632086e+00
7.022721855802632751e-01 1.162302757012253052e+00 1.225110505697316610e+00
6.969837609662847822e-01 1.165628012457390117e+00 1.230884674859320516e+00
