6.846410636833984986e-01 1.177385769320942854e+00 1.240561427999450128e+00
6.938509739931727482e-01 1.173263402686994805e+00 1.228395660864894490e+00
6.998124912889259752e-01 1.155934919252889825e+00 1.236189147108098352e+00
6.912155734044869160e-01 1.181848098332217933e+00 1.224122342922005169e+00
6.884285521594555313e-01 1.186642510068802281e+00 1.224112192075602179e+00
7.208815540100894648e-01 1.128816940123463564e+00 1.228888751187857453e+00
6.997311653410958066e-01 1.159782977007669968e+00 1.232230779250101493e+00
6.846159532082444210e-01 1.194475691032444553e+00 1.222856986658095169e+00
6.917360257349105535e-01 1.176237674749169182e+00 1.229035761745339572e+00
6.991841231171999071e-01 1.167457850905656791e+00 1.225087848160638648e+00
