7.180794552890059634e-01 1.131308777502725738e+00 1.230966805542943243e+00
6.909959681462849446e-01 1.165636860245748085e+00 1.241541423670500466e+00
6.888953739150422972e-01 1.176530451760989804e+00 1.233796572000491754e+00
6.959811210188809882e-01 1.179310517251792145e+00 1.218356456502254659e+00
6.970141508140221820e-01 1.169954653947031797e+00 1.226279238223119350e+00
6.867447286346382018e-01 1.185845747573512021e+00 1.227938072387375623e+00
7.095998986163855049e-01 1.153984665188235947e+00 1.221198936803348012e+00
6.861712975270706227e-01 1.195095564519460529e+00 1.219452301907787861e+00
6.939002045026573251e-01 1.161154151461825323e+00 1.241118088638375916e+00
6.795223396047903597e-01 1.180690289472138277e+00 1.246408120008390297e+00
