6.931940653525222595e-01 1.173592242743259240e+00 1.229215233703464971e+00
6.871355856510014126e-01 1.187544227765985116e+00 1.225484341338333838e+00
6.866024144638058768e-01 1.183061315381020773e+00 1.231083243210962186e+00
6.872206277709207445e-01 1.177562929700243455e+00 1.235718895904442727e+00
6.854930458463499576e-01 1.183277097612838613e+00 1.232850705004417069e+00
7.018685585162289797e-01 1.166541784098048540e+00 1.221360619481053567e+00
6.909153095425680791e-01 1.170357226161116815e+00 1.236678307746590821e+00
7.099158346336237324e-01 1.134454194354717282e+00 1.241669952543361211e+00
6.949443516914676211e-01 1.170712980942877568e+00 1.229134861779633159e+00
6.922607808776384264e-01 1.171617923790917004e+00 1.232946593491364817e+00
