6.867664712824619322e-01 1.183649576152390415e+00 1.230177469758501729e+00
6.920573140736550055e-01 1.175568182717308341e+00 1.229164797735277537e+00
6.911442780375600670e-01 1.168625821860962422e+00 1.238100231848725308e+00
6.916264434479219014e-01 1.182905588117052265e+00 1.222301449997989176e+00
6.934408656898032319e-01 1.161870397356371321e+00 1.241174605991954838e+00
7.016269461297712784e-01 1.154983881567352988e+00 1.234007549598877373e+00
6.885110939089381654e-01 1.173548677379236072e+00 1.237621796245884420e+00
6.877383472916136498e-01 1.189452283127145016e+00 1.222446144313417360e+00
7.208208389545934791e-01 1.129491788121353313e+00 1.228257963552624066e+00
7.105334223034516228e-01 1.156927649013895554e+00 1.216492087639265751e+00
