6.854378151061957247e-01 1.177216629987892116e+00 1.239297435456153895e+00
6.822434443952639649e-01 1.192855683202280748e+00 1.228776012443504984e+00
6.902532630600739516e-01 1.172517328750865673e+00 1.235583959808688181e+00
6.863101826614833589e-01 1.181428318956209367e+00 1.233309795236912532e+00
6.962892800456375042e-01 1.161517400027522129e+00 1.236472810902595088e+00
6.969024297940925594e-01 1.167767739042944175e+00 1.228772683446288871e+00
6.915309706646277643e-01 1.174099708402746467e+00 1.231638864809679879e+00
6.904957893331730157e-01 1.170731074205172639e+00 1.237034521833486611e+00
6.933998508926445536e-01 1.166898346849196466e+00 1.235899713308104886e+00
6.982400582711064674e-01 1.166056517821151051e+00 1.228218510478926717e+00
