6.991794093073440131e-01 1.158411752698583763e+00 1.234662947437997538e+00
6.973725410592609419e-01 1.183259106470082589e+00 1.211867954031067063e+00
7.026101075287345399e-01 1.144209739462367148e+00 1.243884243970083903e+00
6.877935023330110642e-01 1.180795469758755267e+00 1.231309564740158180e+00
6.877133526430093680e-01 1.179345771612242411e+00 1.232966818441169066e+00
6.948771215040648874e-01 1.166889998873374967e+00 1.233281081245813926e+00
6.839704041220483477e-01 1.193234721865874315e+00 1.225284127723162308e+00
6.864985307330947473e-01 1.189554472204503499e+00 1.224548678123573264e+00
7.050691079475119860e-01 1.144401114533412089e+00 1.239338784912558555e+00
6.898714756227116718e-01 1.178039414780824412e+00 1.230472721801477487e+00
