6.974362682936880997e-01 1.160149876072922304e+00 1.235894427569708132e+00
6.894840761586915612e-01 1.169549760690921314e+00 1.240100992613528241e+00
7.067440763200544263e-01 1.158772458214543555e+00 1.221067461829758116e+00
6.882554609823258174e-01 1.182287288297344308e+00 1.228930474560135266e+00
6.889755521243555725e-01 1.185128709311369377e+00 1.224702683982070273e+00
6.801308505338004018e-01 1.171343582094560576e+00 1.255229747235711235e+00
6.950500408338372571e-01 1.169784324680428478e+00 1.229923584303864059e+00
7.002411422398944207e-01 1.156854578323254890e+00 1.234450291146371725e+00
6.941469784437248602e-01 1.169336029880088557e+00 1.231995810458258456e+00
6.921007483214480782e-01 1.179038888068812962e+00 1.225469626311671556e+00
