6.933850969942841891e-01 1.167155340405633401e+00 1.235653874841547539e+00
6.871978716840174695e-01 1.170203984916221573e+00 1.243531015072347534e+00
6.942867794805359649e-01 1.166620688501458059e+00 1.234614663110805921e+00
7.122356941232665939e-01 1.151396880960000368e+00 1.219414111515308097e+00
6.939266638464405279e-01 1.164676067664129011e+00 1.237317835394488030e+00
6.849895611313895349e-01 1.185504164516519632e+00 1.231439167972596005e+00
6.901739895026135496e-01 1.180335773795722298e+00 1.227540534839888009e+00
6.865652031233209218e-01 1.184726914015832966e+00 1.229419102582807621e+00
6.940656877357751497e-01 1.170490862252989706e+00 1.230924447996832871e+00
6.975396123035152440e-01 1.170856752599922279e+00 1.224411385705446165e+00
