6.926423055355459546e-01 1.178892739001141665e+00 1.224663271138966225e+00
6.962627140957713401e-01 1.165089471367709795e+00 1.232728916998821811e+00
6.875025870489135382e-01 1.174323732739330772e+00 1.238619250031897989e+00
7.005602046008784223e-01 1.165784817768230397e+00 1.224436144940274529e+00
6.887889674630671699e-01 1.177064633007460781e+00 1.233427158959777170e+00
6.950591668419643376e-01 1.166534360996727804e+00 1.233333956630071171e+00
6.958116020514173439e-01 1.177149184133203574e+00 1.220890819578268838e+00
6.910149199130134479e-01 1.178275246423585054e+00 1.228190748152498069e+00
6.891164188050324935e-01 1.174336043345457048e+00 1.235705591476391918e+00
7.154795815335168729e-01 1.130578206873487090e+00 1.236238162248547434e+00
