6.874932847932491153e-01 1.179698265218391606e+00 1.232992965192267310e+00
6.898889017373769361e-01 1.176470074688595435e+00 1.232082975819814630e+00
6.917944953382062501e-01 1.171601481105431608e+00 1.233794943388003995e+00
6.828700433355677779e-01 1.184718543505299815e+00 1.236080492713882872e+00
6.918416531471505149e-01 1.169616148369224007e+00 1.235804973082640368e+00
7.007283899102418889e-01 1.170863849217625541e+00 1.218832116727046389e+00
6.913167634328971634e-01 1.170043074770664937e+00 1.236292007315936026e+00
6.922866436878426510e-01 1.172379227806058077e+00 1.232099927886882940e+00
6.931443996238912941e-01 1.176459248595577822e+00 1.226307524708976082e+00
7.014997793773618540e-01 1.154259890166579483e+00 1.235005400684109134e+00
