6.893903972460033724e-01 1.178488175604345045e+00 1.230862501318745972e+00
7.036433662176747594e-01 1.149288649081902092e+00 1.236568801156667119e+00
6.876421239700030164e-01 1.173023550229414624e+00 1.239740518741738740e+00
6.954233513139895795e-01 1.164916477951357665e+00 1.234400082108401353e+00
6.953593571991341094e-01 1.165556678481038944e+00 1.233835608029901998e+00
6.838049341813127180e-01 1.181319941890907277e+00 1.237941819794179166e+00
6.848597480046307862e-01 1.189927591960960651e+00 1.227093973654434178e+00
7.034879831376998904e-01 1.157191537361587308e+00 1.228395078381632866e+00
6.958823809628191803e-01 1.171579794587365164e+00 1.226569852707231956e+00
6.840330865216396328e-01 1.189568480880308643e+00 1.228947817259543163e+00
