6.811405514432780084e-01 1.194047187626742001e+00 1.229537484158995664e+00
6.892894105078912759e-01 1.181205257972369305e+00 1.228211111220745444e+00
7.007928577060154041e-01 1.148939844513098052e+00 1.241975538652085653e+00
7.001753486931328041e-01 1.156556797613714993e+00 1.234884154986473304e+00
6.871671452303254046e-01 1.187390777296514210e+00 1.225586424577107536e+00
7.111232831752769545e-01 1.140086817908733563e+00 1.233437583515873737e+00
6.832860472721031808e-01 1.194840421073896986e+00 1.224863071534795678e+00
7.082522929435252079e-01 1.153492836916311992e+00 1.224044223876583404e+00
6.958409143366696137e-01 1.167486356122120261e+00 1.230943799780448211e+00
6.880612217062145319e-01 1.170090312928979914e+00 1.242091340150467182e+00
