6.941488777581301672e-01 1.174825215641807530e+00 1.226236148889065403e+00
6.905245186689621395e-01 1.174989990150116403e+00 1.232499436399870918e+00
6.918786004090430319e-01 1.171635517882780642e+00 1.233609124532899504e+00
6.792332590378067358e-01 1.182069704244973929e+00 1.245483475833318421e+00
6.915100077615766727e-01 1.177838877187088684e+00 1.227766120722861620e+00
6.871401595329826861e-01 1.180548020717612001e+00 1.232738646000594462e+00
7.006825411278997384e-01 1.162610755121509243e+00 1.227564632516476184e+00
7.124794887914996933e-01 1.137488611448206788e+00 1.233901739939929243e+00
7.103577907526941182e-01 1.148355794691746201e+00 1.225875557698755003e+00
6.894999727124984101e-01 1.171004115778825572e+00 1.238532265837484436e+00
