6.990550539778774830e-01 1.158260040183106243e+00 1.235044331157188369e+00
6.986437738472115466e-01 1.180206579564507585e+00 1.212791586468864313e+00
6.978801770274088989e-01 1.163729638690151891e+00 1.231308966513392944e+00
6.921061771800877116e-01 1.170333698828733837e+00 1.234575244181171261e+00
6.938517984809985384e-01 1.170557995403552987e+00 1.231233280187546741e+00
6.915030042539950239e-01 1.177348693118775991e+00 1.228289735801029403e+00
6.843460282236761838e-01 1.187693680318952616e+00 1.230324870932121506e+00
7.022675929442522280e-01 1.152038908660096839e+00 1.236033453338756027e+00
6.930824920461720051e-01 1.166030924290171411e+00 1.237385444987154637e+00
6.892494506461347425e-01 1.179323413207698623e+00 1.230242286295564869e+00
