7.098406315582033166e-01 1.153388588635648748e+00 1.221415690759556361e+00
6.980865563435419974e-01 1.172804934751487060e+00 1.221419757611796664e+00
6.944627026111651613e-01 1.164903635038370133e+00 1.236121252908134460e+00
6.895090865564394988e-01 1.176838974471345667e+00 1.232375237437485449e+00
6.921263541286015730e-01 1.174848674915809355e+00 1.229794885059959597e+00
6.857415755391101930e-01 1.183349514425724891e+00 1.232328470675717602e+00
6.935870879139436340e-01 1.167893973966873666e+00 1.234512759061233256e+00
6.885607408229554860e-01 1.174133829308129151e+00 1.236915812793778269e+00
6.888950433393793427e-01 1.179879511597951236e+00 1.230295060247803329e+00
7.004924946135244745e-01 1.153269657765445544e+00 1.237843235152725985e+00
