6.847409489818229167e-01 1.195010750489687190e+00 1.222086333191707785e+00
7.064963372762214089e-01 1.148982367078431377e+00 1.231903591952950183e+00
6.931361604791077546e-01 1.176122472313968048e+00 1.226673252207802101e+00
6.981052355293383416e-01 1.166512430982090232e+00 1.227975589509203713e+00
7.073380983078187967e-01 1.142684944401920921e+00 1.237218610737353952e+00
6.829688286966206778e-01 1.189966786920577446e+00 1.230450869361577659e+00
6.859016169757891079e-01 1.184165722286199429e+00 1.231191724728254666e+00
7.020868750434090533e-01 1.166950615417927217e+00 1.220553072498636871e+00
6.909981824562967390e-01 1.169642913656777194e+00 1.237285151333582744e+00
6.997845306279308897e-01 1.150887506893269796e+00 1.241660274199018144e+00
