6.939716098333971184e-01 1.175392812030248146e+00 1.225957078467614147e+00
6.856427863396055145e-01 1.173001672119668104e+00 1.243378798307085420e+00
6.974349205544686514e-01 1.171304753027477830e+00 1.224126798794387572e+00
6.974606833906952241e-01 1.171398061621486963e+00 1.223984076800429532e+00
6.964196105540213511e-01 1.160457914892840225e+00 1.237370087489872983e+00
6.903507860759361403e-01 1.173733662237738118e+00 1.234129166229212426e+00
6.841003338573796722e-01 1.183373716583637103e+00 1.235259715921833035e+00
6.880984081680400211e-01 1.183488222993864136e+00 1.227963636388456958e+00
6.856435276779592192e-01 1.184421979499333144e+00 1.231388692356660597e+00
7.003824323823211184e-01 1.149641013086126984e+00 1.241945410988949838e+00
