6.868383309898895561e-01 1.175343916174818260e+00 1.238740999863606751e+00
6.843134441483373909e-01 1.175585278753208174e+00 1.243056270590260803e+00
6.974435392274997980e-01 1.160776711485866253e+00 1.235214150163240321e+00
7.031269069586230103e-01 1.157910193967296442e+00 1.228263100546671982e+00
6.961685336976455307e-01 1.168508739576207045e+00 1.229288009307662133e+00
6.832880479323057976e-01 1.183847760178104558e+00 1.236232961889600634e+00
6.972843173896394742e-01 1.169730430752785155e+00 1.226039081548887966e+00
6.843085425999838600e-01 1.190243333845025564e+00 1.227756609015591582e+00
6.948649176016925555e-01 1.165117426809170187e+00 1.235179048345330433e+00
6.901525159080590388e-01 1.170457195777997228e+00 1.237939408690511112e+00
