6.926392744503415688e-01 1.176731076931781361e+00 1.226918354078330164e+00
6.895949251530679724e-01 1.172724839551019471e+00 1.236544696612308147e+00
6.858220283589578914e-01 1.181641257722004790e+00 1.233965232365947129e+00
6.887471734819209379e-01 1.172735900022423561e+00 1.238055033972906838e+00
6.963978458330001287e-01 1.157137689314378104e+00 1.240959310227555790e+00
6.862338759719300851e-01 1.183094672469270581e+00 1.231709661591004812e+00
6.934122465988350470e-01 1.166932036880985901e+00 1.235841939353252039e+00
6.903418303995563221e-01 1.174952978922652491e+00 1.232864432504879870e+00
6.855000361797448649e-01 1.180463653492176856e+00 1.235776403323772810e+00
7.008985402208292026e-01 1.165164042158529423e+00 1.224497128506977006e+00
