6.925521970813680595e-01 1.171206087334514923e+00 1.232861151059505556e+00
6.927446592408065262e-01 1.170548220043939658e+00 1.233211326421131959e+00
6.979933349217291028e-01 1.163910905882734825e+00 1.230917615427659761e+00
6.920669973546548226e-01 1.184582117547943181e+00 1.219794548982002569e+00
6.920112530628554914e-01 1.173275192498834052e+00 1.231648990217149908e+00
6.924433054448801972e-01 1.170322056429982993e+00 1.233986445009657151e+00
6.893146289225418055e-01 1.170095480548861699e+00 1.239827322239692942e+00
6.875563679365395142e-01 1.187140698568017960e+00 1.225150656778818625e+00
6.916600596910632559e-01 1.165749685188075979e+00 1.240229323258473126e+00
7.019825431437213270e-01 1.154496299754160793e+00 1.233903347471660528e+00
