6.882998421970092373e-01 1.172701525526058886e+00 1.238895969062876690e+00
6.885723483130166134e-01 1.177789490930493344e+00 1.233055846578340997e+00
6.830544566162741749e-01 1.186247291873250731e+00 1.234154231990318040e+00
6.848823371295192919e-01 1.183000470913530888e+00 1.234238576905916984e+00
6.851145515436954936e-01 1.185986085942236423e+00 1.230714207760044143e+00
6.919824800848597413e-01 1.170404259871711927e+00 1.234721490759158380e+00
6.992158558917090927e-01 1.172301956763594388e+00 1.219970255178571161e+00
7.166159014814104111e-01 1.128502227498410448e+00 1.236548453287316551e+00
6.995973190983645340e-01 1.176962713196809229e+00 1.214476621324403371e+00
7.117568135774078319e-01 1.139661347239682154e+00 1.232799778594294127e+00
