6.978474435095033401e-01 1.157523112665371778e+00 1.237969191055473095e+00
6.886724962023393903e-01 1.177601115601983439e+00 1.233073751042995214e+00
6.950925664302068929e-01 1.166841098799224596e+00 1.232950492453524616e+00
6.926631778466962874e-01 1.188253025697983523e+00 1.214979555548628465e+00
6.985712743376202294e-01 1.163581020179825787e+00 1.230247944716552411e+00
6.992802263692876608e-01 1.157251351256273653e+00 1.235722788114031356e+00
6.935779490117554014e-01 1.171433945802613952e+00 1.230798385872124534e+00
6.891693304775022844e-01 1.172198015379658065e+00 1.237864408355191737e+00
6.945841507630602374e-01 1.172617977421840374e+00 1.227774425232160738e+00
6.859051707277350474e-01 1.183278513515579444e+00 1.232108474553810007e+00
