6.931418309755261742e-01 1.167491136884074354e+00 1.235732015306271858e+00
6.905939377451489891e-01 1.174669197739892201e+00 1.232712096067558605e+00
6.922875684137106411e-01 1.172777702038569902e+00 1.231679652541137093e+00
6.948614973824618346e-01 1.171006102861968046e+00 1.228973712912627247e+00
6.929888383499809290e-01 1.172064613730280369e+00 1.231181854526090858e+00
6.838956137888284603e-01 1.182960595562186246e+00 1.236060997927671323e+00
6.868058166700313771e-01 1.186907226516854541e+00 1.226730777157996277e+00
7.116626710536327893e-01 1.139418251084889810e+00 1.233225913908238880e+00
7.025378576388491281e-01 1.159737621669319374e+00 1.227355921246813031e+00
6.969849967908838817e-01 1.174828538410588541e+00 1.221242986741577496e+00
