6.912980230211892563e-01 1.168592527993345342e+00 1.237860144150691122e+00
6.999751589367262383e-01 1.160878392127778103e+00 1.230638916277461137e+00
6.859445753502459997e-01 1.183133232321514461e+00 1.232188981468354205e+00
6.999228793541920624e-01 1.176249640963516363e+00 1.214647626855814844e+00
6.942359330961951347e-01 1.167361895989911691e+00 1.233921120725651521e+00
6.905474931168837927e-01 1.168903289136843160e+00 1.238876075949868039e+00
6.859924251770960213e-01 1.171668021260840131e+00 1.244159623272808934e+00
6.954547542953435357e-01 1.162880507269590025e+00 1.236505432800733217e+00
7.045198680455876383e-01 1.157838179664106626e+00 1.225910849425765115e+00
6.908313914282379065e-01 1.182201884216222743e+00 1.224436561481535790e+00
