6.950649567011641938e-01 1.166251342653894962e+00 1.233622978039958129e+00
6.941059630820077819e-01 1.171799553028656016e+00 1.229478380922229386e+00
6.886246141231771034e-01 1.189246596258419109e+00 1.221084000588002594e+00
6.928734038818586960e-01 1.166182058787909037e+00 1.237598439674934436e+00
6.826604939649109083e-01 1.184167603424089998e+00 1.237035189161635129e+00
7.014345542488059637e-01 1.153985267821359795e+00 1.235414172229631014e+00
6.887107261634735078e-01 1.165767967059039290e+00 1.245520946112462113e+00
6.891863742125856618e-01 1.177998609893686099e+00 1.231738566148561809e+00
6.904775301843435464e-01 1.173786776755910255e+00 1.233846794590149232e+00
7.065688610599408781e-01 1.146615374483818339e+00 1.234319941257296493e+00
