6.832387063010451067e-01 1.181460506866883309e+00 1.238820345912874821e+00
6.890492143449483686e-01 1.173134095542941235e+00 1.237092292132572657e+00
6.951442981584468050e-01 1.174526002588387907e+00 1.224792164002048711e+00
6.856792669936293549e-01 1.186447882568962608e+00 1.229221977755041939e+00
6.884999952611180474e-01 1.185903802946426389e+00 1.224747598726115827e+00
7.013422988882257458e-01 1.153221794341959816e+00 1.236394675326262016e+00
6.953760154937738136e-01 1.161528146839559295e+00 1.238085263817278792e+00
6.935695628626713516e-01 1.162833848299470896e+00 1.239916128142237728e+00
6.856830368800136410e-01 1.189789041230038036e+00 1.225763344465321758e+00
6.988697207298499858e-01 1.162932011445741765e+00 1.230408860948996042e+00
