6.904571057281503332e-01 1.165866905556188771e+00 1.242265207622686773e+00
6.945856086485261427e-01 1.167085289864703501e+00 1.233592226634883104e+00
6.913541501333075878e-01 1.183769035446391005e+00 1.221890955364386633e+00
7.068799641677762091e-01 1.150845600350046016e+00 1.229241647652981495e+00
7.051247455079667770e-01 1.151189183050646214e+00 1.231933723163751937e+00
6.996964229727745677e-01 1.167286728339363311e+00 1.224370334750504163e+00
6.923774809570470978e-01 1.167707474184840111e+00 1.236867008762472464e+00
6.935532328772686661e-01 1.171198801559894864e+00 1.231089366787876171e+00
6.798082848478201878e-01 1.187547099384274274e+00 1.238690205950787604e+00
6.896724145259747196e-01 1.174905103636860293e+00 1.234111371954339287e+00
