6.894948680435364352e-01 1.177683677922977123e+00 1.231516701374837153e+00
6.831847695024390044e-01 1.187332192269146214e+00 1.232791357421153977e+00
6.972475959414194957e-01 1.165382450816077720e+00 1.230678179996317345e+00
6.963565952254101576e-01 1.162775447066436652e+00 1.235015630489166183e+00
6.909393198189863750e-01 1.179328972043300450e+00 1.227227628875667387e+00
6.955431235541934543e-01 1.176133576973630079e+00 1.222416744000078159e+00
6.956254004451171147e-01 1.177806427877160278e+00 1.220536153450801020e+00
6.970396232482877208e-01 1.156307094959416304e+00 1.240707316485443412e+00
6.984147161744955756e-01 1.174637706439912055e+00 1.218940986961450035e+00
7.089901579390486264e-01 1.139229221069401721e+00 1.238079913039245694e+00
