6.997688491818421230e-01 1.165690305630902257e+00 1.225920224143643766e+00
6.844136456131245660e-01 1.184584538021185240e+00 1.233432196149332638e+00
6.885608444365894920e-01 1.182433180674362649e+00 1.228233869789041366e+00
7.057954541313268271e-01 1.145890933041066928e+00 1.236453704597137548e+00
6.948328062624278267e-01 1.174305717254530812e+00 1.225571094389303894e+00
6.901564965313833344e-01 1.171331935761939613e+00 1.237007792109767745e+00
6.906867432608395641e-01 1.177387277021861189e+00 1.229701042183824145e+00
6.984756890288038589e-01 1.158809103029731613e+00 1.235483094196162757e+00
6.921923223287529403e-01 1.171448701002210102e+00 1.233246657349491127e+00
6.809489730357413118e-01 1.186302310377913560e+00 1.237912802817707103e+00
