6.951771869920868596e-01 1.165777970530772478e+00 1.233924660557791375e+00
6.909228407382089765e-01 1.184037639640703299e+00 1.222376357804818792e+00
6.845088418934246466e-01 1.182265424630431605e+00 1.235679804634008727e+00
6.940649088352915941e-01 1.168368545427757921e+00 1.233161780189586221e+00
6.829947453244926692e-01 1.178454802535273460e+00 1.242423642028882558e+00
7.054520956986631841e-01 1.150005498355554545e+00 1.232629494144822369e+00
7.050307411472844787e-01 1.157974044923133272e+00 1.224878808746669545e+00
7.013246366233250040e-01 1.152102808541537460e+00 1.237626697829009803e+00
6.932667935162255546e-01 1.178547630764378740e+00 1.223918395398789549e+00
6.878953153333025039e-01 1.181741843770792721e+00 1.230141399508771993e+00
