1.800679181369041908e+04
1.801244057417736258e+04
1.801996479694056688e+04
1.800983360057953905e+04
1.802333047105200967e+04
1.801557533122196037e+04
1.800547315718351456e+04
1.801684115678373564e+04
1.800890696626407953e+04
1.800960806898474766e+04
1.802158343768667328e+04
1.802886682567247044e+04
1.802412741798498246e+04
1.801244026149320052e+04
1.802785174495270621e+04
1.801084520436972161e+04
1.801048234918724847e+04
1.802442178618823164e+04
1.803742687680233939e+04
1.801672800152415584e+04
1.800723922468996898e+04
1.802508967108957950e+04
1.800273864782868623e+04
1.803952031591710329e+04
1.801117303912023999e+04
1.801671574670167684e+04
1.801228224589470119e+04
1.803161191866856461e+04
1.800580818629375062e+04
1.803223760231265624e+04
1.802085824684375984e+04
1.801502120091596953e+04
1.800938388271424628e+04
1.801666723541287138e+04
1.803874245813054222e+04
1.800765438091729811e+04
1.802021994883270600e+04
1.801210075763254645e+04
1.801206271990549430e+04
1.801227751129772150e+04
1.803737230191996787e+04
1.800897861057795308e+04
1.800952653036555057e+04
1.801638372626117416e+04
1.801860139693190649e+04
1.801894471042894656e+04
1.801769249344372656e+04
1.801821570140524273e+04
1.801296109463344692e+04
1.800652170308194036e+04
1.800209018063972326e+04
1.801908917425973414e+04
1.802616183463628113e+04
1.801414855067453755e+04
1.801870554647338213e+04
1.800986818806959855e+04
1.801622915995868971e+04
1.802163883316647480e+04
1.801250557902333458e+04
1.801254774403492775e+04
1.801236697716107665e+04
1.803616574513451633e+04
1.800609766369019781e+04
1.801820718732455498e+04
1.800706687419352238e+04
1.802332275915333230e+04
1.801001072532158287e+04
1.800863890133920358e+04
1.800698308678319881e+04
1.802290422860536273e+04
1.801651352970037624e+04
1.802517145299402910e+04
1.801641535211146402e+04
1.801828277472337140e+04
1.801939733874539525e+04
1.803624123147894716e+04
1.800867244233454403e+04
1.803011363616208837e+04
1.802775160826614592e+04
1.804268179427082941e+04
1.801109746556593382e+04
1.800918561703897285e+04
1.801656146700475438e+04
1.801768626866282648e+04
1.800875344810651586e+04
1.803153810714336214e+04
1.801578129867243479e+04
1.801796335992244349e+04
1.802358590330713560e+04
1.804358903535176796e+04
1.800554303159698975e+04
1.803428151627796615e+04
1.801379310671141502e+04
1.801787683119485519e+04
1.803036485845903735e+04
1.800512240913318237e+04
1.801314208268563380e+04
1.802142518548231237e+04
1.801471910347884113e+04
1.801796782520621855e+04
