6.942599182555849735e-01 1.167777392566544226e+00 1.233439476028100890e+00
6.866700467733771740e-01 1.176258316031838502e+00 1.238081373053869783e+00
6.955068152372931856e-01 1.168838631293004360e+00 1.230110294405565075e+00
6.896925896824424029e-01 1.173274163338102971e+00 1.235790729709302038e+00
6.911656402703216795e-01 1.173294378948333216e+00 1.233135696862421193e+00
6.937929953269205141e-01 1.165242082686520853e+00 1.236955079726028695e+00
6.933442242427008129e-01 1.167060660164344732e+00 1.235826967751736172e+00
6.856670346125326443e-01 1.188354982375085411e+00 1.227271187913830719e+00
6.949655960778995389e-01 1.172204633838408450e+00 1.227533238495463586e+00
6.872379922636722149e-01 1.181547548925698354e+00 1.231520472978758551e+00
