6.914631447148928967e-01 1.168117322105953981e+00 1.238068000574322536e+00
6.865030339661282177e-01 1.183548854913107462e+00 1.230754265183654717e+00
6.898840887131284516e-01 1.177717331964002190e+00 1.230786729415338288e+00
6.911773346557368303e-01 1.169456547254209555e+00 1.237161573317145491e+00
6.877763476476218552e-01 1.178158351155095263e+00 1.234096434181476409e+00
6.958112030739210807e-01 1.169082716413210044e+00 1.229315459101026686e+00
6.920419800734349813e-01 1.183086013424163419e+00 1.221381225170254048e+00
7.117845432430703889e-01 1.139337525412955410e+00 1.233102123205713774e+00
7.041619079262678715e-01 1.151465747338872081e+00 1.233321914842663736e+00
6.967549276585225382e-01 1.170633733724682823e+00 1.226023843305869665e+00
