7.029596707608327666e-01 1.153474592708116253e+00 1.233279626592189482e+00
6.906113776341341604e-01 1.173207066994080616e+00 1.234217217783425191e+00
6.912983123706866184e-01 1.166730398798416113e+00 1.239835279149336555e+00
6.885494745783348192e-01 1.175111941562474893e+00 1.235906479601964758e+00
6.946566925428443451e-01 1.176827058868836318e+00 1.223255367872075672e+00
6.892185823976999526e-01 1.177518300702721898e+00 1.232183407350894822e+00
7.023140742638231959e-01 1.159381870790857194e+00 1.228123730872375363e+00
6.884593088696359109e-01 1.179778883414607460e+00 1.231178732643188223e+00
6.922354607266728577e-01 1.171512594425001330e+00 1.233102548313895541e+00
6.985986348836559223e-01 1.163734473487642918e+00 1.230037544570062646e+00
