6.955478929384643072e-01 1.171209017555951304e+00 1.227548198155933079e+00
7.140108140910850221e-01 1.154429417950990189e+00 1.213187216167396443e+00
6.932942198087506114e-01 1.167286245836034020e+00 1.235677253981873891e+00
6.903947591355640290e-01 1.163123271221681909e+00 1.245307974255040584e+00
6.927768920033076094e-01 1.167839249816683633e+00 1.236014425935362038e+00
6.881851444035335108e-01 1.177766940999854794e+00 1.233773241041588475e+00
6.821920411720504562e-01 1.187360062012138728e+00 1.234556341656424250e+00
6.949118912857654706e-01 1.163514951004434028e+00 1.236796616154975936e+00
6.924557068090330114e-01 1.173675549191193879e+00 1.230438591884766897e+00
6.859605472873013809e-01 1.181774405590348520e+00 1.233577052505710370e+00
