6.885983117378959850e-01 1.175312321815569661e+00 1.235608129870858107e+00
6.949581347612560078e-01 1.170714972086770445e+00 1.229108393947067723e+00
6.882537454724296788e-01 1.173072425161165944e+00 1.238587207970693882e+00
6.910460239297913088e-01 1.174930783571423332e+00 1.231631378221760498e+00
6.977387613601641059e-01 1.176518856146502756e+00 1.218171004586247719e+00
6.897528316794139247e-01 1.171528254802411295e+00 1.237524314520424218e+00
6.879404019606882859e-01 1.179122740938489233e+00 1.232793025734640446e+00
6.875558229952879463e-01 1.181784067103335056e+00 1.230704829901665853e+00
6.950681846839044109e-01 1.167869601774586208e+00 1.231907886559892251e+00
7.071680810907748915e-01 1.144375228518873522e+00 1.235688206063537020e+00
