6.954909173039871551e-01 1.168484546005571056e+00 1.230511181205443672e+00
6.859858813018708812e-01 1.183211863045108281e+00 1.232032905861990324e+00
6.857460779632037484e-01 1.184465258707438906e+00 1.231159556621803874e+00
6.892048300991466814e-01 1.170568127036658135e+00 1.239524150618920517e+00
6.840287591123679345e-01 1.185317327723187875e+00 1.233363254275103849e+00
6.919055579639872278e-01 1.171333149712733723e+00 1.233879493186552878e+00
6.859426651994092738e-01 1.181469386097941721e+00 1.233927691483645672e+00
6.992485700138643123e-01 1.154297988636048711e+00 1.238940569250681412e+00
6.990418525591878263e-01 1.162346301501560042e+00 1.230725739698150134e+00
6.936432965261183359e-01 1.173552286623182894e+00 1.228460968878717585e+00
