4.360000000000000000e+02 3.740000000000000000e+02 7.800000000000000000e+01
6.950000000000000000e+02 3.740000000000000000e+02 7.800000000000000000e+01
1.025000000000000000e+03 3.740000000000000000e+02 7.800000000000000000e+01
1.179000000000000000e+03 3.740000000000000000e+02 7.800000000000000000e+01
7.720000000000000000e+02 3.740000000000000000e+02 7.800000000000000000e+01
4.360000000000000000e+02 1.596000000000000000e+03 1.494000000000000000e+03
1.722000000000000000e+03 3.740000000000000000e+02 7.800000000000000000e+01
1.722000000000000000e+03 3.740000000000000000e+02 7.800000000000000000e+01
4.360000000000000000e+02 3.740000000000000000e+02 7.800000000000000000e+01
1.689000000000000000e+03 3.740000000000000000e+02 2.500000000000000000e+01
