6.973729509505369739e-01 1.171811871327748555e+00 1.223705771127052921e+00
6.890882229983918972e-01 1.176364561126014507e+00 1.233625221153863638e+00
6.986069736956144194e-01 1.158997329599051662e+00 1.235050307382807855e+00
6.863267681138029985e-01 1.176048574289985549e+00 1.238921537075767798e+00
6.926611604031159830e-01 1.166067234880525660e+00 1.238099566460053813e+00
6.920599858006630800e-01 1.180312982163550739e+00 1.224218890254367365e+00
6.849530069219881279e-01 1.190271419631734995e+00 1.226572484060267421e+00
7.140955583757807590e-01 1.133154014381760444e+00 1.235818597523089979e+00
6.973976223136514330e-01 1.184191439905597720e+00 1.210870281034493789e+00
6.938396284972772055e-01 1.162040430949748515e+00 1.240279770990523334e+00
