6.871134844088219173e-01 1.179063664897494368e+00 1.234338492373947771e+00
6.832126181391942055e-01 1.184394698788818534e+00 1.235798507756587616e+00
6.790185171681317744e-01 1.188647942652674594e+00 1.238982405556896316e+00
6.992724582355567264e-01 1.157979511218724777e+00 1.234959460536007914e+00
6.915502759280659495e-01 1.173571782459611690e+00 1.232158514165424101e+00
6.880852439853100133e-01 1.175290295013832642e+00 1.236552630189121649e+00
6.971994185064254168e-01 1.167623042261235922e+00 1.228401468268592867e+00
6.956957419923149866e-01 1.167691231514123906e+00 1.230984645164229896e+00
6.994474554379244147e-01 1.166365609976347084e+00 1.225773418825745198e+00
6.927836624939227583e-01 1.167797469325192017e+00 1.236046567185603351e+00
