7.172043212045338123e-01 1.142478687632267453e+00 1.220419097998604707e+00
6.878354575577222407e-01 1.176365711698858840e+00 1.235870833224170573e+00
6.886370076546821650e-01 1.175412792877042589e+00 1.235433088073111474e+00
6.870447304259678090e-01 1.185102714906864918e+00 1.228171439890693106e+00
6.959283900424123592e-01 1.170028014921168147e+00 1.228115424144772483e+00
6.837238032602551696e-01 1.195734047094739294e+00 1.223164040316095491e+00
6.891167920312091244e-01 1.178230797161717858e+00 1.231620182221398352e+00
7.155613128752708052e-01 1.136109125333951031e+00 1.230079270157022897e+00
6.972212572426917943e-01 1.160646369181262294e+00 1.235746710939102933e+00
6.932829233887032316e-01 1.172752319600875115e+00 1.229937934196916105e+00
